haha1
URL=http://facebook.com/
1570059339,302
1570059341,302
1570059343,302
1570059345,302
1570059347,302
1570059349,302
1570059351,302
1570059353,302
1570059355,302
1570059357,302
1570059359,302
1570059361,302
1570059363,302
1570059365,302
1570059367,302
1570059369,302
1570059371,302
1570059373,302
1570059375,302
1570059377,302
1570059379,302
1570059381,302
1570059383,302
1570059385,302
1570059387,302
1570059389,302
1570059391,302
1570059393,302
1570059395,302
1570059397,302
1570059399,302
1570059401,302
1570059403,302
1570059405,302
1570059407,302
1570059409,302
1570059411,302
1570059413,302
1570059415,302
1570059417,302
1570059419,302
1570059421,302
1570059423,302
1570059425,302
1570059427,302
1570059429,302
1570059431,302
1570059433,302
1570059435,302
1570059437,302
1570059439,302
1570059441,302
1570059443,302
1570059445,302
1570059447,302
1570059449,302
1570059451,302
1570059453,302
1570059455,302
1570059457,302
1570059459,302
1570059461,302
1570059463,302
1570059465,302
1570059467,302
1570059469,302
1570059471,302
1570059473,302
1570059475,302
1570059477,302
1570059479,302
1570059481,302
1570059483,302
1570059485,302
1570059487,302
1570059489,302
1570059491,302
1570059493,302
1570059495,302
1570059497,302
1570059499,302
1570059501,302
1570059503,302
1570059505,302
1570059507,302
1570059509,302
1570059511,302
1570059513,302
1570059515,302
1570059517,302
1570059519,302
1570059521,302
1570059523,302
1570059525,302
1570059527,302
1570059529,302
1570059531,302
1570059533,302
1570059535,302
1570059537,302
1570059539,302
1570059541,302
1570059543,302
1570059545,302
1570059547,302
1570059549,302
1570059551,302
1570059553,302
1570059555,302
1570059557,302
1570059559,302
1570059561,302
1570059563,302
1570059565,302
1570059567,302
1570059569,302
1570059571,302
1570059573,302
1570059575,302
1570059577,302
1570059579,302
1570059581,302
1570059583,302
1570059585,302
1570059587,302
1570059589,302
1570059591,302
1570059593,302
1570059595,302
1570059597,302
1570059599,302
1570059601,302
1570059603,302
1570059605,302
1570059607,302
1570059609,302
1570059611,302
1570059613,302
1570059615,302
1570059617,302
1570059619,302
1570059621,302
1570059623,302
1570059625,302
1570059627,302
1570059629,302
1570059631,302
1570059633,302
1570059635,302
1570059637,302
1570059639,302
1570059641,302
1570059643,302
1570059645,302
1570059647,302
1570059649,302
1570059651,302
1570059653,302
1570059655,302
1570059657,302
1570059659,302
1570059661,302
1570059663,302
1570059665,302
1570059667,302
1570059669,302
1570059671,302
1570059673,302
1570059675,302
1570059677,302
1570059679,302
1570059681,302
1570059683,302
1570059685,302
1570059687,302
1570059689,302
1570059691,302
1570059693,302
1570059695,302
1570059697,302
1570059699,302
1570059701,302
1570059703,302
1570059705,302
1570059707,302
1570059709,302
1570059711,302
1570059713,302
1570059715,302
1570059717,302
1570059719,302
1570059721,302
1570059723,302
1570059725,302
1570059727,302
1570059729,302
1570059731,302
1570059733,302
1570059735,302
1570059737,302
1570059739,302
1570059741,302
1570059743,302
1570059745,302
1570059747,302
1570059749,302
1570059751,302
1570059753,302
1570059755,302
1570059757,302
1570059759,302
1570059761,302
1570059763,302
1570059765,302
1570059767,302
1570059769,302
1570059771,302
1570059773,302
1570059775,302
1570059777,302
1570059779,302
1570059781,302
1570059783,302
1570059785,302
1570059787,302
1570059789,302
1570059791,302
1570059793,302
1570059795,302
1570059797,302
1570059799,302
1570059801,302
1570059803,302
1570059805,302
1570059807,302
1570059809,302
1570059811,302
1570059813,302
1570059815,302
1570059817,302
1570059819,302
1570059821,302
1570059823,302
1570059825,302
1570059827,302
1570059829,302
1570059831,302
1570059833,302
1570059835,302
1570059837,302
1570059839,302
1570059841,302
1570059843,302
1570059845,302
1570059847,302
1570059849,302
1570059851,302
1570059853,302
1570059855,302
1570059857,302
1570059859,302
1570059861,302
1570059863,302
1570059865,302
1570059867,302
1570059869,302
1570059871,302
1570059873,302
1570059875,302
1570059877,302
1570059879,302
1570059881,302
1570059883,302
1570059885,302
1570059887,302
1570059889,302
1570059891,302
1570059893,302
1570059895,302
1570059897,302
1570059899,302
1570059901,302
1570059903,302
1570059905,302
1570059907,302
1570059909,302
1570059911,302
1570059913,302
1570059915,302
1570059917,302
1570059919,302
1570059921,302
1570059923,302
1570059925,302
1570059927,302
1570059929,302
1570059931,302
1570059933,302
1570059935,302
1570059937,302
1570059939,302
1570059941,302
1570059943,302
1570059945,302
1570059947,302
1570059949,302
1570059951,302
1570059953,302
1570059955,302
1570059957,302
1570059959,302
1570059961,302
1570059963,302
1570059965,302
1570059967,302
1570059969,302
1570059971,302
1570059973,302
1570059975,302
1570059977,302
1570059979,302
1570059981,302
1570059983,302
1570059985,302
1570059987,302
1570059989,302
1570059991,302
1570059993,302
1570059995,302
1570059997,302
1570059999,302
1570060001,302
1570060003,302
1570060005,302
1570060007,302
1570060009,302
1570060011,302
1570060013,302
1570060015,302
1570060017,302
1570060019,302
1570060021,302
1570060023,302
1570060025,302
1570060027,302
1570060029,302
1570060031,302
1570060033,302
1570060035,302
1570060037,302
1570060039,302
1570060041,302
1570060043,302
1570060045,302
1570060047,302
1570060049,302
1570060051,302
1570060053,302
1570060055,302
1570060057,302
1570060059,302
1570060061,302
1570060063,302
